// Reference=MNI
// Zhang, 2015, self>semantic( 9female， mean=29.95,SD=10.99) 
// Subjects=21
-2   62   14 
-18  56   32 
-20  50   38 
-6   -56  32 
-2   -18  34 
12   -70  60 
-52  -64  38 
-46  -56  24 
-48  -60  32 
26   -82  -34 
42   -44  62
58   -26  52
38   -36  42

// Zhang, 2015, Other>self( 9female， mean=29.95,SD=10.99) 
// Subjects=21
4    -56   30
12   -82   4

// Zhang, 2015, Other>semantic( 9female， mean=29.95,SD=10.99) 
// Subjects=21
-4   -56     32 
4    -52     28 
0    -18     34 
0     62     16 
-6    58     38 
-10   44     52 
-54   -64    34 
-48   2     -26 
-30   16    -14 
-42   14    -26 
-52   -22   -10
-60   -14   -8 
50    10    -28 
26    -82   -34 
52    -64   36 
46    -58   34 
56    -66   22



